agents=3
map_file=random-32-32-10.map
solver=planner
solved=1
soc=76
soc_lb=76
makespan=35
makespan_lb=35
sum_of_loss=76
sum_of_loss_lb=76
comp_time=10
seed=0
starts=(11,6),(29,9),(9,0),
goals=(7,18),(1,16),(13,21),
solution=
0:(11,6),(29,9),(9,0),
1:(10,6),(28,9),(9,1),
2:(10,7),(27,9),(9,2),
3:(10,8),(27,10),(9,3),
4:(10,9),(27,11),(9,4),
5:(10,10),(26,11),(10,4),
6:(10,11),(26,12),(11,4),
7:(10,12),(25,12),(11,5),
8:(10,13),(24,12),(11,6),
9:(10,14),(23,12),(11,7),
10:(9,14),(23,13),(11,8),
11:(9,15),(23,14),(11,9),
12:(9,16),(22,14),(11,10),
13:(8,16),(21,14),(11,11),
14:(8,17),(20,14),(12,11),
15:(8,18),(19,14),(12,12),
16:(7,18),(19,15),(12,13),
17:(7,18),(18,15),(12,14),
18:(7,18),(17,15),(13,14),
19:(7,18),(17,16),(13,15),
20:(7,18),(16,16),(13,16),
21:(7,18),(15,16),(13,17),
22:(7,18),(14,16),(13,18),
23:(7,18),(13,16),(13,19),
24:(7,18),(12,16),(13,20),
25:(7,18),(11,16),(13,21),
26:(7,18),(10,16),(13,21),
27:(7,18),(9,16),(13,21),
28:(7,18),(8,16),(13,21),
29:(7,18),(7,16),(13,21),
30:(7,18),(6,16),(13,21),
31:(7,18),(5,16),(13,21),
32:(7,18),(4,16),(13,21),
33:(7,18),(3,16),(13,21),
34:(7,18),(2,16),(13,21),
35:(7,18),(1,16),(13,21),
local_guidance=
history_size=35
step0:
agent0:(11,6),(10,6),(10,7),(10,8),(10,9),(10,10),(10,11),(10,12),(10,13),(10,14),
agent1:(29,9),(28,9),(27,9),(27,10),(26,10),(25,10),(24,10),(23,10),(22,10),(21,10),
agent2:(9,0),(9,1),(9,2),(9,3),(10,3),(10,4),(10,5),(11,5),(11,6),(11,7),
step1:
agent0:(10,6),(10,7),(10,8),(10,9),(10,10),(10,11),(10,12),(10,13),(10,14),(10,15),
agent1:(28,9),(27,9),(27,10),(27,11),(26,11),(26,12),(25,12),(25,13),(25,14),(24,14),
agent2:(9,1),(9,2),(10,2),(10,3),(11,3),(11,4),(11,5),(11,6),(11,7),(11,8),
step2:
agent0:(10,7),(10,8),(10,9),(10,10),(10,11),(10,12),(10,13),(10,14),(10,15),(9,15),
agent1:(27,9),(27,10),(27,11),(26,11),(25,11),(24,11),(23,11),(22,11),(22,12),(21,12),
agent2:(9,2),(9,3),(9,4),(10,4),(11,4),(11,5),(11,6),(11,7),(11,8),(11,9),
step3:
agent0:(10,8),(10,9),(10,10),(10,11),(10,12),(10,13),(10,14),(10,15),(9,15),(9,16),
agent1:(27,10),(27,11),(26,11),(26,12),(26,13),(26,14),(25,14),(24,14),(23,14),(22,14),
agent2:(9,3),(9,4),(10,4),(11,4),(11,5),(11,6),(11,7),(11,8),(11,9),(11,10),
step4:
agent0:(10,9),(10,10),(10,11),(10,12),(10,13),(10,14),(9,14),(9,15),(9,16),(8,16),
agent1:(27,11),(26,11),(25,11),(24,11),(23,11),(22,11),(22,12),(22,13),(21,13),(20,13),
agent2:(9,4),(10,4),(11,4),(11,5),(11,6),(11,7),(11,8),(11,9),(11,10),(12,10),
step5:
agent0:(10,10),(10,11),(10,12),(10,13),(10,14),(10,15),(9,15),(9,16),(9,17),(9,18),
agent1:(26,11),(26,12),(26,13),(25,13),(24,13),(24,14),(23,14),(22,14),(21,14),(20,14),
agent2:(10,4),(11,4),(11,5),(11,6),(11,7),(11,8),(11,9),(11,10),(11,11),(12,11),
step6:
agent0:(10,11),(10,12),(10,13),(10,14),(9,14),(9,15),(9,16),(8,16),(7,16),(7,17),
agent1:(26,12),(25,12),(25,13),(24,13),(24,14),(23,14),(22,14),(21,14),(20,14),(19,14),
agent2:(11,4),(11,5),(11,6),(11,7),(11,8),(11,9),(11,10),(11,11),(12,11),(12,12),
step7:
agent0:(10,12),(10,13),(10,14),(9,14),(9,15),(9,16),(9,17),(9,18),(8,18),(7,18),
agent1:(25,12),(24,12),(23,12),(22,12),(22,13),(21,13),(20,13),(20,14),(19,14),(18,14),
agent2:(11,5),(11,6),(11,7),(11,8),(11,9),(11,10),(11,11),(12,11),(12,12),(12,13),
step8:
agent0:(10,13),(10,14),(10,15),(10,16),(9,16),(9,17),(8,17),(8,18),(7,18),(7,18),
agent1:(24,12),(23,12),(23,13),(23,14),(22,14),(21,14),(20,14),(19,14),(19,15),(18,15),
agent2:(11,6),(11,7),(11,8),(11,9),(11,10),(11,11),(12,11),(12,12),(12,13),(13,13),
step9:
agent0:(10,14),(9,14),(9,15),(9,16),(8,16),(7,16),(7,17),(7,18),(7,18),(7,18),
agent1:(23,12),(23,13),(22,13),(21,13),(20,13),(19,13),(19,14),(18,14),(17,14),(17,15),
agent2:(11,7),(11,8),(11,9),(11,10),(11,11),(12,11),(12,12),(12,13),(12,14),(13,14),
step10:
agent0:(9,14),(9,15),(9,16),(8,16),(8,17),(8,18),(7,18),(7,18),(7,18),(7,18),
agent1:(23,13),(23,14),(22,14),(21,14),(20,14),(19,14),(19,15),(18,15),(17,15),(16,15),
agent2:(11,8),(11,9),(11,10),(11,11),(12,11),(12,12),(12,13),(13,13),(13,14),(13,15),
step11:
agent0:(9,15),(9,16),(8,16),(8,17),(8,18),(7,18),(7,18),(7,18),(7,18),(7,18),
agent1:(23,14),(22,14),(21,14),(20,14),(19,14),(18,14),(17,14),(17,15),(17,16),(16,16),
agent2:(11,9),(11,10),(11,11),(12,11),(12,12),(12,13),(13,13),(13,14),(13,15),(13,16),
step12:
agent0:(9,16),(8,16),(7,16),(7,17),(7,18),(7,18),(7,18),(7,18),(7,18),(7,18),
agent1:(22,14),(21,14),(20,14),(19,14),(18,14),(17,14),(16,14),(15,14),(14,14),(13,14),
agent2:(11,10),(11,11),(12,11),(12,12),(12,13),(12,14),(12,15),(12,16),(13,16),(13,17),
step13:
agent0:(8,16),(8,17),(8,18),(7,18),(7,18),(7,18),(7,18),(7,18),(7,18),(7,18),
agent1:(21,14),(20,14),(19,14),(19,15),(18,15),(17,15),(17,16),(16,16),(15,16),(14,16),
agent2:(11,11),(12,11),(12,12),(12,13),(12,14),(13,14),(13,15),(13,16),(13,17),(13,18),
step14:
agent0:(8,17),(8,18),(7,18),(7,18),(7,18),(7,18),(7,18),(7,18),(7,18),(7,18),
agent1:(20,14),(19,14),(19,15),(18,15),(17,15),(17,16),(16,16),(15,16),(14,16),(13,16),
agent2:(12,11),(12,12),(12,13),(12,14),(13,14),(13,15),(13,16),(13,17),(13,18),(13,19),
step15:
agent0:(8,18),(7,18),(7,18),(7,18),(7,18),(7,18),(7,18),(7,18),(7,18),(7,18),
agent1:(19,14),(19,15),(18,15),(17,15),(17,16),(16,16),(15,16),(14,16),(13,16),(12,16),
agent2:(12,12),(12,13),(13,13),(13,14),(13,15),(13,16),(13,17),(13,18),(13,19),(13,20),
step16:
agent0:(7,18),(7,18),(7,18),(7,18),(7,18),(7,18),(7,18),(7,18),(7,18),(7,18),
agent1:(19,15),(18,15),(17,15),(16,15),(16,16),(15,16),(14,16),(13,16),(12,16),(11,16),
agent2:(12,13),(12,14),(13,14),(13,15),(13,16),(13,17),(13,18),(13,19),(13,20),(13,21),
step17:
agent0:(7,18),(7,18),(7,18),(7,18),(7,18),(7,18),(7,18),(7,18),(7,18),(7,18),
agent1:(18,15),(17,15),(17,16),(16,16),(15,16),(14,16),(13,16),(12,16),(11,16),(10,16),
agent2:(12,14),(13,14),(13,15),(13,16),(13,17),(13,18),(13,19),(13,20),(13,21),(13,21),
step18:
agent0:(7,18),(7,18),(7,18),(7,18),(7,18),(7,18),(7,18),(7,18),(7,18),(7,18),
agent1:(17,15),(17,16),(16,16),(15,16),(14,16),(13,16),(12,16),(11,16),(10,16),(9,16),
agent2:(13,14),(13,15),(13,16),(13,17),(13,18),(13,19),(13,20),(13,21),(13,21),(13,21),
step19:
agent0:(7,18),(7,18),(7,18),(7,18),(7,18),(7,18),(7,18),(7,18),(7,18),(7,18),
agent1:(17,16),(16,16),(15,16),(14,16),(13,16),(12,16),(11,16),(10,16),(9,16),(8,16),
agent2:(13,15),(13,16),(13,17),(13,18),(13,19),(13,20),(13,21),(13,21),(13,21),(13,21),
step20:
agent0:(7,18),(7,18),(7,18),(7,18),(7,18),(7,18),(7,18),(7,18),(7,18),(7,18),
agent1:(16,16),(15,16),(14,16),(13,16),(12,16),(11,16),(10,16),(9,16),(8,16),(7,16),
agent2:(13,16),(13,17),(13,18),(13,19),(13,20),(13,21),(13,21),(13,21),(13,21),(13,21),
step21:
agent0:(7,18),(7,18),(7,18),(7,18),(7,18),(7,18),(7,18),(7,18),(7,18),(7,18),
agent1:(15,16),(14,16),(13,16),(12,16),(11,16),(10,16),(9,16),(8,16),(7,16),(6,16),
agent2:(13,17),(13,18),(13,19),(13,20),(13,21),(13,21),(13,21),(13,21),(13,21),(13,21),
step22:
agent0:(7,18),(7,18),(7,18),(7,18),(7,18),(7,18),(7,18),(7,18),(7,18),(7,18),
agent1:(14,16),(13,16),(12,16),(11,16),(10,16),(9,16),(8,16),(7,16),(6,16),(5,16),
agent2:(13,18),(13,19),(13,20),(13,21),(13,21),(13,21),(13,21),(13,21),(13,21),(13,21),
step23:
agent0:(7,18),(7,18),(7,18),(7,18),(7,18),(7,18),(7,18),(7,18),(7,18),(7,18),
agent1:(13,16),(12,16),(11,16),(10,16),(9,16),(8,16),(7,16),(6,16),(5,16),(4,16),
agent2:(13,19),(13,20),(13,21),(13,21),(13,21),(13,21),(13,21),(13,21),(13,21),(13,21),
step24:
agent0:(7,18),(7,18),(7,18),(7,18),(7,18),(7,18),(7,18),(7,18),(7,18),(7,18),
agent1:(12,16),(11,16),(10,16),(9,16),(8,16),(7,16),(6,16),(5,16),(4,16),(3,16),
agent2:(13,20),(13,21),(13,21),(13,21),(13,21),(13,21),(13,21),(13,21),(13,21),(13,21),
step25:
agent0:(7,18),(7,18),(7,18),(7,18),(7,18),(7,18),(7,18),(7,18),(7,18),(7,18),
agent1:(11,16),(10,16),(9,16),(8,16),(7,16),(6,16),(5,16),(4,16),(3,16),(2,16),
agent2:(13,21),(13,21),(13,21),(13,21),(13,21),(13,21),(13,21),(13,21),(13,21),(13,21),
step26:
agent0:(7,18),(7,18),(7,18),(7,18),(7,18),(7,18),(7,18),(7,18),(7,18),(7,18),
agent1:(10,16),(9,16),(8,16),(7,16),(6,16),(5,16),(4,16),(3,16),(2,16),(1,16),
agent2:(13,21),(13,21),(13,21),(13,21),(13,21),(13,21),(13,21),(13,21),(13,21),(13,21),
step27:
agent0:(7,18),(7,18),(7,18),(7,18),(7,18),(7,18),(7,18),(7,18),(7,18),(7,18),
agent1:(9,16),(8,16),(7,16),(6,16),(5,16),(4,16),(3,16),(2,16),(1,16),(1,16),
agent2:(13,21),(13,21),(13,21),(13,21),(13,21),(13,21),(13,21),(13,21),(13,21),(13,21),
step28:
agent0:(7,18),(7,18),(7,18),(7,18),(7,18),(7,18),(7,18),(7,18),(7,18),(7,18),
agent1:(8,16),(7,16),(6,16),(5,16),(4,16),(3,16),(2,16),(1,16),(1,16),(1,16),
agent2:(13,21),(13,21),(13,21),(13,21),(13,21),(13,21),(13,21),(13,21),(13,21),(13,21),
step29:
agent0:(7,18),(7,18),(7,18),(7,18),(7,18),(7,18),(7,18),(7,18),(7,18),(7,18),
agent1:(7,16),(6,16),(5,16),(4,16),(3,16),(2,16),(1,16),(1,16),(1,16),(1,16),
agent2:(13,21),(13,21),(13,21),(13,21),(13,21),(13,21),(13,21),(13,21),(13,21),(13,21),
step30:
agent0:(7,18),(7,18),(7,18),(7,18),(7,18),(7,18),(7,18),(7,18),(7,18),(7,18),
agent1:(6,16),(5,16),(4,16),(3,16),(2,16),(1,16),(1,16),(1,16),(1,16),(1,16),
agent2:(13,21),(13,21),(13,21),(13,21),(13,21),(13,21),(13,21),(13,21),(13,21),(13,21),
step31:
agent0:(7,18),(7,18),(7,18),(7,18),(7,18),(7,18),(7,18),(7,18),(7,18),(7,18),
agent1:(5,16),(4,16),(3,16),(2,16),(1,16),(1,16),(1,16),(1,16),(1,16),(1,16),
agent2:(13,21),(13,21),(13,21),(13,21),(13,21),(13,21),(13,21),(13,21),(13,21),(13,21),
step32:
agent0:(7,18),(7,18),(7,18),(7,18),(7,18),(7,18),(7,18),(7,18),(7,18),(7,18),
agent1:(4,16),(3,16),(2,16),(1,16),(1,16),(1,16),(1,16),(1,16),(1,16),(1,16),
agent2:(13,21),(13,21),(13,21),(13,21),(13,21),(13,21),(13,21),(13,21),(13,21),(13,21),
step33:
agent0:(7,18),(7,18),(7,18),(7,18),(7,18),(7,18),(7,18),(7,18),(7,18),(7,18),
agent1:(3,16),(2,16),(1,16),(1,16),(1,16),(1,16),(1,16),(1,16),(1,16),(1,16),
agent2:(13,21),(13,21),(13,21),(13,21),(13,21),(13,21),(13,21),(13,21),(13,21),(13,21),
step34:
agent0:(7,18),(7,18),(7,18),(7,18),(7,18),(7,18),(7,18),(7,18),(7,18),(7,18),
agent1:(2,16),(1,16),(1,16),(1,16),(1,16),(1,16),(1,16),(1,16),(1,16),(1,16),
agent2:(13,21),(13,21),(13,21),(13,21),(13,21),(13,21),(13,21),(13,21),(13,21),(13,21),
